0.0000 0.0000 0.0000 -0.0000 1.0000 1.0000 
0.4534 0.2618 0.5236 -0.0523 1.0000 0.9945 
0.5236 0.9069 1.0472 -0.1045 1.0000 0.9781 
-0.0000 1.5708 1.5708 -0.1564 1.0000 0.9511 
-1.0472 1.8138 2.0944 -0.2079 1.0000 0.9135 
-2.2672 1.3090 2.6180 -0.2588 1.0000 0.8660 
-3.1416 0.0000 3.1416 -0.3090 1.0000 0.8090 
-3.1741 -1.8326 3.6652 -0.3584 1.0000 0.7431 
-2.0944 -3.6276 4.1888 -0.4067 1.0000 0.6691 
-0.0000 -4.7124 4.7124 -0.4540 1.0000 0.5878 
2.6180 -4.5345 5.2360 -0.5000 1.0000 0.5000 
4.9879 -2.8798 5.7596 -0.5446 1.0000 0.4067 
6.2832 -0.0000 6.2832 -0.5878 1.0000 0.3090 
5.8949 3.4034 6.8068 -0.6293 1.0000 0.2079 
3.6652 6.3483 7.3304 -0.6691 1.0000 0.1045 
0.0000 7.8540 7.8540 -0.7071 1.0000 0.0000 
-4.1888 7.2552 8.3776 -0.7431 1.0000 -0.1045 
-7.7086 4.4506 8.9012 -0.7771 1.0000 -0.2079 
-9.4248 0.0000 9.4248 -0.8090 1.0000 -0.3090 
-8.6156 -4.9742 9.9484 -0.8387 1.0000 -0.4067 
-5.2360 -9.0690 10.4720 -0.8660 1.0000 -0.5000 
-0.0000 -10.9956 10.9956 -0.8910 1.0000 -0.5878 
5.7596 -9.9759 11.5192 -0.9135 1.0000 -0.6691 
10.4293 -6.0214 12.0428 -0.9336 1.0000 -0.7431 
12.5664 -0.0000 12.5664 -0.9511 1.0000 -0.8090 
11.3363 6.5450 13.0900 -0.9659 1.0000 -0.8660 
6.8068 11.7897 13.6136 -0.9781 1.0000 -0.9135 
0.0000 14.1372 14.1372 -0.9877 1.0000 -0.9511 
-7.3304 12.6966 14.6608 -0.9945 1.0000 -0.9781 
-13.1500 7.5922 15.1844 -0.9986 1.0000 -0.9945 
-15.7080 0.0000 15.7080 -1.0000 1.0000 -1.0000 
-14.0570 -8.1157 16.2316 -0.9986 1.0000 -0.9945 
-8.3776 -14.5104 16.7552 -0.9945 1.0000 -0.9781 
-0.0000 -17.2788 17.2788 -0.9877 1.0000 -0.9511 
8.9012 -15.4173 17.8024 -0.9781 1.0000 -0.9135 
15.8708 -9.1630 18.3260 -0.9659 1.0000 -0.8660 
18.8496 0.0000 18.8496 -0.9511 1.0000 -0.8090 
16.7776 9.6866 19.3732 -0.9336 1.0000 -0.7431 
9.9483 17.2311 19.8968 -0.9135 1.0000 -0.6691 
-0.0001 20.4204 20.4204 -0.8910 1.0000 -0.5878 
-10.4721 18.1379 20.9440 -0.8660 1.0000 -0.5000 
-18.5915 10.7337 21.4676 -0.8387 1.0000 -0.4067 
-21.9912 -0.0002 21.9912 -0.8090 1.0000 -0.3090 
-19.4983 -11.2575 22.5148 -0.7771 1.0000 -0.2079 
-11.5190 -19.9519 23.0384 -0.7431 1.0000 -0.1045 
0.0002 -23.5620 23.5620 -0.7071 1.0000 0.0000 
12.0430 -20.8586 24.0856 -0.6691 1.0000 0.1045 
21.3123 -12.3043 24.6092 -0.6293 1.0000 0.2079 
25.1328 0.0003 25.1328 -0.5878 1.0000 0.3090 
22.2189 12.8285 25.6564 -0.5446 1.0000 0.4067 
13.0897 22.6727 26.1800 -0.5000 1.0000 0.5000 
-0.0004 26.7036 26.7036 -0.4540 1.0000 0.5878 
-13.6139 23.5792 27.2272 -0.4067 1.0000 0.6691 
-24.0331 13.8750 27.7508 -0.3584 1.0000 0.7431 
-28.2744 -0.0005 28.2744 -0.3090 1.0000 0.8090 
-24.9395 -14.3994 28.7980 -0.2588 1.0000 0.8660 
-14.6603 -25.3935 29.3216 -0.2079 1.0000 0.9135 
0.0006 -29.8451 29.8451 -0.1564 1.0000 0.9511 
15.1849 -26.2998 30.3687 -0.1045 1.0000 0.9781 
26.7539 -15.4456 30.8923 -0.0523 1.0000 0.9945 
31.4159 0.0007 31.4159 0.0000 1.0000 1.0000 
27.6601 15.9704 31.9395 0.0523 1.0000 0.9945 
16.2310 28.1143 32.4631 0.1045 1.0000 0.9781 
-0.0007 32.9867 32.9867 0.1564 1.0000 0.9511 
-16.7558 29.0205 33.5103 0.2079 1.0000 0.9135 
-29.4746 17.0164 34.0339 0.2588 1.0000 0.8660 
-34.5575 -0.0006 34.5575 0.3090 1.0000 0.8090 
-30.3809 -17.5411 35.0811 0.3584 1.0000 0.7431 
-17.8019 -30.8349 35.6047 0.4067 1.0000 0.6691 
0.0005 -36.1283 36.1283 0.4540 1.0000 0.5878 
18.3264 -31.7413 36.6519 0.5000 1.0000 0.5000 
32.1952 -18.5874 37.1755 0.5446 1.0000 0.4067 
37.6991 0.0004 37.6991 0.5878 1.0000 0.3090 
33.1016 19.1117 38.2227 0.6293 1.0000 0.2079 
19.3728 33.5555 38.7463 0.6691 1.0000 0.1045 
-0.0003 39.2699 39.2699 0.7071 1.0000 -0.0000 
-19.8970 34.4620 39.7935 0.7431 1.0000 -0.1045 
-34.9158 20.1583 40.3171 0.7771 1.0000 -0.2079 
-40.8407 -0.0002 40.8407 0.8090 1.0000 -0.3090 
-35.8225 -20.6823 41.3643 0.8387 1.0000 -0.4067 
-20.9438 -36.2761 41.8879 0.8660 1.0000 -0.5000 
0.0001 -42.4115 42.4115 0.8910 1.0000 -0.5878 
21.4676 -37.1829 42.9351 0.9135 1.0000 -0.6691 
37.6363 -21.7294 43.4587 0.9336 1.0000 -0.7431 
43.9823 -0.0001 43.9823 0.9511 1.0000 -0.8090 
38.5433 22.2529 44.5059 0.9659 1.0000 -0.8660 
22.5149 38.9966 45.0295 0.9781 1.0000 -0.9135 
0.0002 45.5531 45.5531 0.9877 1.0000 -0.9511 
-23.0381 39.9037 46.0767 0.9945 1.0000 -0.9781 
-40.3569 23.3004 46.6003 0.9986 1.0000 -0.9945 
-47.1239 0.0004 47.1239 1.0000 1.0000 -1.0000 
-41.2641 -23.8234 47.6475 0.9986 1.0000 -0.9945 
-24.0859 -41.7171 48.1711 0.9945 1.0000 -0.9781 
-0.0005 -48.6947 48.6947 0.9877 1.0000 -0.9511 
24.6086 -42.6246 49.2183 0.9781 1.0000 -0.9135 
43.0774 -24.8715 49.7419 0.9659 1.0000 -0.8660 
50.2655 -0.0007 50.2655 0.9511 1.0000 -0.8090 
43.9850 25.3939 50.7891 0.9336 1.0000 -0.7431 
25.6570 44.4377 51.3127 0.9135 1.0000 -0.6691 
0.0009 51.8363 51.8363 0.8910 1.0000 -0.5878 
-26.1791 45.3454 52.3599 0.8660 1.0000 -0.5000 
