-3.0000 12.0000 0.0000 1.0000 0.0000 0.0000 0.0000 0.0000 
-2.5000 7.0000 0.0000 1.0000 0.0000 0.0000 0.0000 0.0000 
-2.0000 3.0000 0.0000 1.0000 0.0000 0.0000 0.0000 0.0000 
-1.5000 0.0000 0.0000 1.0000 0.0000 0.0000 0.0000 0.0000 
-1.0000 -2.0000 0.0000 1.0000 0.0000 0.0000 0.0000 0.0000 
-0.5000 -3.0000 0.0000 1.0000 0.0000 0.0000 0.0000 0.0000 
0.0000 -3.0000 0.0000 0.0000 1.0000 0.0000 0.0000 0.0000 
0.5000 -2.0000 0.0000 0.0000 1.0000 0.0000 0.0000 0.0000 
1.0000 0.0000 0.0000 0.0000 1.0000 0.0000 0.0000 0.0000 
1.5000 3.0000 0.0000 0.0000 1.0000 0.0000 0.0000 0.0000 
2.0000 7.0000 0.0000 0.0000 1.0000 0.0000 0.0000 0.0000 
2.5000 12.0000 0.0000 0.0000 1.0000 0.0000 0.0000 0.0000 
3.0000 18.0000 0.0000 0.0000 1.0000 0.0000 0.0000 0.0000 
